[gd_scene load_steps=5 format=2]

[ext_resource path="res://Scripts/LightScripts/AutoRotateLight.gd" type="Script" id=1]
[ext_resource path="res://Characters/Human3D.tscn" type="PackedScene" id=2]

[sub_resource type="PlaneMesh" id=1]

custom_aabb = AABB( 0, 0, 0, 0, 0, 0 )
size = Vector2( 2, 2 )
subdivide_width = 0
subdivide_depth = 0

[sub_resource type="SpatialMaterial" id=2]

render_priority = 0
flags_transparent = false
flags_unshaded = false
flags_vertex_lighting = false
flags_no_depth_test = false
flags_use_point_size = false
flags_world_triplanar = false
flags_fixed_size = false
flags_albedo_tex_force_srgb = false
vertex_color_use_as_albedo = false
vertex_color_is_srgb = false
params_diffuse_mode = 0
params_specular_mode = 0
params_blend_mode = 0
params_cull_mode = 0
params_depth_draw_mode = 0
params_line_width = 1.0
params_point_size = 1.0
params_billboard_mode = 0
params_grow = false
params_use_alpha_scissor = false
albedo_color = Color( 0.75585, 0.820313, 0.490265, 1 )
metallic = 0.0
metallic_specular = 0.5
metallic_texture_channel = 0
roughness = 0.0
roughness_texture_channel = 0
emission_enabled = false
normal_enabled = false
rim_enabled = false
clearcoat_enabled = false
anisotropy_enabled = false
ao_enabled = false
depth_enabled = false
subsurf_scatter_enabled = false
transmission_enabled = false
refraction_enabled = false
detail_enabled = false
uv1_scale = Vector3( 1, 1, 1 )
uv1_offset = Vector3( 0, 0, 0 )
uv1_triplanar = false
uv1_triplanar_sharpness = 1.0
uv2_scale = Vector3( 1, 1, 1 )
uv2_offset = Vector3( 0, 0, 0 )
uv2_triplanar = false
uv2_triplanar_sharpness = 1.0
proximity_fade_enable = false
distance_fade_enable = false
_sections_unfolded = [ "Albedo" ]

[node name="CharAnim3DScene" type="Node" index="0"]

[node name="Floor" type="MeshInstance" parent="." index="0"]

transform = Transform( 94.5054, 0, 0, 0, 1, 0, 0, 0, 94.5054, 0, 0, 0 )
layers = 1
material_override = null
cast_shadow = 1
extra_cull_margin = 0.0
use_in_baked_light = false
lod_min_distance = 0.0
lod_min_hysteresis = 0.0
lod_max_distance = 0.0
lod_max_hysteresis = 0.0
mesh = SubResource( 1 )
skeleton = NodePath("..")
material/0 = SubResource( 2 )
_sections_unfolded = [ "material" ]

[node name="DirectionalLight" type="DirectionalLight" parent="." index="1"]

transform = Transform( 0.650235, -0.577546, 0.493594, 0, 0.649693, 0.760197, -0.759734, -0.494306, 0.422453, 0, 5.33973, 0 )
layers = 1
light_color = Color( 1, 1, 1, 1 )
light_energy = 1.0
light_indirect_energy = 1.0
light_negative = false
light_specular = 0.5
light_bake_mode = 1
light_cull_mask = -1
shadow_enabled = true
shadow_color = Color( 0, 0, 0, 1 )
shadow_bias = 0.1
shadow_contact = 0.0
shadow_reverse_cull_face = false
editor_only = false
directional_shadow_mode = 2
directional_shadow_split_1 = 0.1
directional_shadow_split_2 = 0.2
directional_shadow_split_3 = 0.5
directional_shadow_blend_splits = false
directional_shadow_normal_bias = 0.8
directional_shadow_bias_split_scale = 0.25
directional_shadow_depth_range = 0
directional_shadow_max_distance = 200.0
script = ExtResource( 1 )
_sections_unfolded = [ "Editor", "Light", "Shadow", "Transform", "Visibility" ]

[node name="Camera" type="Camera" parent="." index="2"]

transform = Transform( 1, 0, 0, 0, -4.37114e-008, 1, 0, -1, -4.37114e-008, 13.1104, 111.091, 11.7085 )
keep_aspect = 1
cull_mask = 1048575
environment = null
h_offset = 0.0
v_offset = 0.0
doppler_tracking = 0
projection = 0
current = true
fov = 60.0
size = 50.0
near = 0.05
far = 200.0
_sections_unfolded = [ "Transform" ]

[node name="Char1" parent="." index="3" instance=ExtResource( 2 )]

transform = Transform( 1, 0, 0, 0, 1, 0, 0, 0, 1, 5.86108, -0.027565, 39.7811 )

[node name="Char2" parent="." index="4" instance=ExtResource( 2 )]

transform = Transform( -0.806156, 0, 0.591703, 0, 1, 0, -0.591703, 0, -0.806156, 26.3742, -0.027565, -16.7605 )

[node name="Helmet" parent="Char2/Chest/Head" index="1"]

visible = false

[node name="Blade_Position" parent="Char2/Chest/R_Arm_Up/R_Arm_Down/R_Hand" index="1"]

editor/display_folded = false

[node name="Sword_Blade" parent="Char2/Chest/R_Arm_Up/R_Arm_Down/R_Hand/Blade_Position" index="0"]

visible = false

[node name="Sword_Blade4" parent="Char2/Chest/R_Arm_Up/R_Arm_Down/R_Hand/Blade_Position" index="3"]

visible = true

[node name="L_Arm_Up" parent="Char2/Chest" index="4"]

editor/display_folded = false

[node name="L_Arm_Down" parent="Char2/Chest/L_Arm_Up" index="1"]

editor/display_folded = false

[node name="ChainMail2" parent="Char2/Chest/L_Arm_Up/L_Arm_Down" index="2"]

visible = false

[node name="ChainMail" parent="Char2/Chest/L_Arm_Up" index="2"]

visible = false

[node name="R_ShoulderPlate" parent="Char2/Chest" index="5"]

visible = false

[node name="L_ShoulderPlate" parent="Char2/Chest" index="6"]

visible = false

[node name="Armor" parent="Char2/Chest" index="8"]

visible = false

[node name="R_Top_Leg" parent="Char2/Hips" index="3"]

transform = Transform( 0.77397, 2.67842e-008, -0.633223, -2.78579e-008, 1, 8.24827e-009, 0.633223, 1.12563e-008, 0.77397, 9.1529, -1.15859, -0.30679 )

[node name="R_Foot_Sprite" parent="Char2/Hips/R_Top_Leg/R_Bot_Leg/R_Foot" index="0"]

visible = false

[node name="L_Top_Leg" parent="Char2/Hips" index="4"]

transform = Transform( 0.418861, 4.17876e-009, 0.908051, -2.78579e-008, 1, 8.24826e-009, -0.908051, -2.87512e-008, 0.418861, -9.36185, -1.15859, 3.8922 )

[node name="L_Foot_Sprite" parent="Char2/Hips/L_Top_Leg/L_Bot_Leg/L_Foot" index="0"]

visible = false


[editable path="Char2"]
